25
8
2 7
8 3
4 2
6 5
5 8
1 4
7 6
3
2 1
3 2
4
4 1
2 4
1 3
3
1 3
2 1
2
1 2
10
5 10
5 7
3 9
3 5
2 6
2 3
9 1
2 4
8 2
10
8 1
5 7
1 10
9 5
6 4
10 6
7 8
4 2
1 3
10
2 9
8 4
6 1
3 8
6 7
7 3
1 2
6 10
5 6
10
9 4
6 5
3 2
6 9
6 1
3 10
5 3
8 6
1 7
10
9 8
2 4
4 9
8 1
9 3
8 7
10 6
7 5
10 2
188
92 67
133 114
93 16
88 83
74 85
51 184
106 112
30 86
79 135
103 148
90 141
65 66
5 153
47 60
73 116
124 108
151 62
67 177
181 164
53 61
44 168
57 29
92 131
145 39
56 118
102 134
111 180
162 28
161 10
47 88
152 81
104 137
178 59
120 156
56 72
184 46
32 30
22 23
117 1
22 78
118 9
6 54
27 13
96 93
188 94
89 178
55 77
69 37
42 31
96 35
73 6
162 185
31 65
153 52
134 32
131 49
65 75
185 26
9 64
112 2
149 127
77 140
52 110
66 115
55 125
9 146
96 63
151 97
81 69
146 188
4 161
65 158
36 128
47 19
142 166
125 126
183 12
26 71
156 57
41 34
83 58
97 74
123 163
26 25
25 55
101 132
84 3
109 175
123 157
181 76
159 95
79 123
165 42
81 45
26 82
152 155
141 105
45 111
99 73
177 162
133 183
85 169
101 89
11 138
9 143
95 160
84 149
54 53
68 43
31 101
141 113
8 36
88 170
138 182
79 139
77 79
15 8
61 100
17 174
93 154
47 7
60 5
174 173
104 11
147 181
47 20
3 104
104 142
33 96
30 27
180 179
58 56
155 120
71 84
119 15
168 165
143 144
33 40
156 121
101 106
34 44
159 48
4 80
26 133
78 103
11 24
169 150
183 102
19 51
69 99
183 87
177 187
71 14
155 122
97 176
33 50
43 167
85 109
56 129
143 18
135 186
3 117
139 107
119 68
121 92
135 159
70 136
113 47
171 4
97 33
87 119
132 145
63 172
71 98
110 151
11 21
151 130
173 91
168 147
31 124
4 90
35 17
188 41
173 152
94 70
38 171
61 22
235
213 91
224 2
51 46
91 45
74 122
162 36
128 210
2 231
1 30
31 123
179 109
25 222
77 116
154 32
198 71
21 34
135 232
23 120
133 115
175 83
119 111
200 21
127 178
213 56
12 158
21 146
163 80
42 24
148 235
139 48
54 87
27 189
127 195
190 136
83 191
208 226
36 184
1 38
15 167
180 55
88 190
47 165
169 143
7 148
125 64
115 188
108 40
6 25
201 105
162 172
224 100
165 62
59 187
5 73
50 145
18 61
235 29
13 155
201 192
41 233
217 124
51 153
27 141
223 90
211 139
232 163
228 42
175 86
12 67
82 77
200 138
124 177
2 74
118 133
2 152
9 180
234 82
89 94
78 20
158 101
109 125
96 151
83 81
126 176
60 142
232 3
71 13
30 156
116 113
48 118
175 185
160 121
155 204
181 164
188 216
43 85
210 203
42 229
123 149
158 159
177 11
226 93
111 130
207 88
149 119
50 49
26 14
206 218
204 98
234 131
53 170
160 228
161 9
188 206
228 219
72 22
47 173
75 84
44 182
127 217
193 214
26 63
107 144
186 104
7 220
22 15
227 132
87 53
65 211
24 194
54 5
19 160
157 47
181 10
65 96
31 19
80 215
160 212
143 106
118 76
126 171
97 134
198 23
204 230
43 166
179 37
68 1
146 89
191 102
21 51
29 234
146 114
58 103
1 227
133 175
101 97
49 41
6 129
57 200
181 31
190 128
152 44
164 17
216 59
174 12
98 16
41 7
41 60
1 39
162 147
90 79
235 205
162 179
57 72
154 69
96 43
5 70
129 208
8 33
67 135
63 112
34 92
87 99
216 199
164 110
173 66
184 186
234 140
89 108
148 197
78 57
109 35
206 198
47 18
77 209
155 95
57 221
101 27
178 162
82 223
7 28
92 169
177 117
27 193
184 161
229 224
1 225
140 207
35 26
109 183
84 196
40 213
16 8
180 65
61 107
27 127
182 78
193 4
72 202
17 68
211 157
134 201
143 174
18 126
221 154
142 6
64 137
232 168
84 181
26 50
162 150
207 52
110 54
113 58
79
77 27
66 5
6 48
46 17
74 16
33 6
71 54
40 43
39 72
74 46
10 76
7 35
35 2
19 13
29 67
47 9
43 34
11 53
44 52
17 12
43 22
32 37
21 41
54 25
43 3
27 32
75 77
29 36
29 1
79 20
18 78
13 75
17 21
64 11
79 50
54 26
35 44
73 49
32 39
49 31
6 71
17 65
5 73
1 14
58 42
17 40
47 55
45 74
65 57
30 10
79 19
65 62
74 4
54 68
76 66
72 29
33 63
69 51
20 38
3 18
14 64
48 79
55 59
54 30
47 15
7 47
4 33
5 60
7 45
32 28
73 24
2 61
3 69
28 56
46 70
30 23
42 7
58 8
250
20 122
20 103
57 17
83 52
73 32
87 119
140 30
186 209
138 158
176 153
87 127
59 35
227 174
235 177
211 239
205 225
148 18
93 28
175 7
58 223
220 118
100 162
75 107
12 208
68 227
137 161
186 244
165 83
153 13
112 86
168 44
17 245
106 136
165 2
20 212
209 89
34 133
29 3
218 228
181 74
43 229
73 4
151 232
167 6
154 233
114 206
242 145
186 101
99 90
240 82
138 194
211 237
187 10
162 15
214 164
178 33
108 96
192 128
31 38
164 39
2 230
30 196
92 117
108 151
126 19
218 235
79 186
132 99
84 49
111 80
191 236
37 29
67 138
203 1
204 249
209 224
46 14
21 140
155 248
182 165
233 144
107 155
10 166
181 123
122 246
3 92
206 150
231 191
200 27
96 207
53 109
150 125
96 171
95 181
107 250
79 247
198 137
228 198
228 167
38 152
58 195
183 200
80 8
159 62
30 114
182 60
139 124
178 189
220 93
26 71
26 95
220 87
158 84
188 21
44 203
50 221
144 238
197 61
198 85
241 188
202 68
207 169
84 112
232 63
175 222
128 183
95 214
109 64
22 126
75 148
3 97
41 36
79 175
135 81
173 197
119 45
215 219
191 210
132 241
51 240
75 180
240 78
127 94
20 147
193 120
192 146
244 226
35 143
128 26
196 25
30 108
160 202
145 187
30 218
1 106
107 190
49 243
179 77
108 40
29 154
68 213
68 205
114 55
37 234
208 56
14 104
43 211
74 91
59 41
11 115
114 100
27 141
76 156
35 34
9 69
217 134
191 168
19 79
36 54
5 178
3 43
181 88
118 37
44 184
44 193
149 173
161 9
158 172
157 129
203 176
35 160
180 163
232 42
153 130
234 142
138 24
83 215
137 59
174 217
17 98
213 48
116 220
13 12
205 65
45 216
150 20
142 31
28 51
56 113
7 58
225 199
12 23
28 72
168 111
39 53
179 47
169 11
61 116
73 159
55 22
181 57
122 157
51 185
112 102
31 70
191 75
128 67
61 46
62 192
87 242
160 204
82 201
46 16
205 73
44 66
53 179
112 135
14 170
187 5
192 110
249 139
195 121
89 105
93 50
124 131
154 132
5 76
210 149
182 231
146
99 29
22 132
12 104
45 42
133 78
41 108
135 74
41 103
125 38
131 117
80 51
36 22
144 142
122 11
117 35
70 44
30 32
50 60
96 137
24 100
134 81
143 67
60 72
53 63
51 17
101 82
63 105
58 126
50 4
24 112
102 65
132 66
15 31
126 10
95 129
51 20
126 125
122 102
13 30
94 96
78 26
129 130
120 71
2 6
107 122
142 77
99 7
70 91
34 9
66 13
71 115
97 89
27 83
94 87
51 34
44 119
15 95
57 5
95 128
118 68
146 76
141 39
40 139
80 111
60 48
14 92
104 23
91 97
71 70
13 114
97 113
118 79
14 123
43 33
48 131
2 99
60 136
11 28
48 56
119 3
88 61
8 118
107 101
139 46
38 57
25 37
40 145
119 43
128 143
43 73
105 90
141 135
50 36
124 88
43 141
112 8
92 64
36 140
73 124
40 133
89 27
111 146
72 58
19 52
109 120
28 59
34 85
35 24
7 40
122 62
113 93
68 15
64 16
56 80
125 2
131 55
67 47
110 1
36 45
103 106
24 75
68 84
5 54
131 49
38 94
22 110
122 144
120 107
39 69
51 138
39 86
39 41
65 53
31 14
134 21
67 116
10 19
21 50
79 12
91 121
80 109
25 134
59 127
71 18
136 98
500
153 493
241 233
457 478
334 165
117 82
138 374
190 49
462 430
16 231
444 349
496 196
465 292
296 5
342 246
481 219
336 25
434 251
274 257
87 136
180 472
270 406
35 282
61 223
468 300
165 222
237 143
434 120
250 18
267 404
36 339
448 253
353 307
177 364
296 323
51 218
294 118
420 438
67 436
365 179
73 263
397 150
423 421
339 429
177 386
42 237
277 454
133 452
355 297
461 422
455 73
339 168
288 402
285 8
497 324
435 417
383 24
74 176
227 411
281 141
304 102
30 488
202 48
180 464
292 129
168 400
240 462
92 350
153 264
194 268
204 385
289 279
92 203
330 31
324 445
333 446
252 376
281 125
192 182
39 35
28 124
181 36
416 123
361 270
152 403
190 3
173 463
103 306
322 390
117 238
379 227
458 460
337 277
168 254
6 256
115 220
287 85
480 142
215 225
123 298
294 432
8 365
409 57
172 10
148 86
83 113
475 299
139 353
248 458
119 259
469 126
488 172
476 156
292 27
484 153
199 276
383 415
139 92
406 398
340 30
29 326
389 401
307 381
149 76
281 266
159 486
296 316
101 408
113 152
300 108
251 467
333 444
498 471
135 371
258 210
497 441
16 230
355 490
110 419
87 249
81 145
266 334
239 241
29 195
30 44
10 167
371 83
180 456
300 235
456 190
284 476
16 308
141 51
477 213
388 87
319 52
87 459
177 284
440 370
206 171
172 47
33 81
407 119
197 114
168 116
145 184
479 447
124 477
128 283
20 290
108 14
263 423
339 191
92 197
18 332
227 470
36 382
109 394
479 244
320 291
106 418
39 474
335 183
313 169
433 74
496 378
440 236
216 127
26 338
188 60
84 389
6 9
80 94
153 243
477 12
206 499
320 68
459 13
406 221
194 95
495 198
284 62
389 245
339 121
469 84
49 455
83 341
500 209
246 281
272 286
97 21
167 448
282 356
43 260
192 367
155 162
300 32
388 106
12 443
182 180
243 416
129 100
264 405
123 111
26 261
386 39
243 234
218 23
42 397
469 342
61 426
337 128
44 289
435 380
172 311
367 483
493 34
166 140
99 482
73 302
214 75
265 357
414 399
447 267
287 155
350 362
500 90
141 58
335 107
301 115
41 186
397 485
160 330
49 492
69 56
144 475
329 412
219 347
410 188
473 321
28 489
144 193
31 185
25 363
140 148
372 228
111 296
36 305
49 262
266 317
378 304
378 157
361 45
411 449
276 344
356 64
436 479
450 469
365 177
489 252
21 480
44 468
399 258
322 204
431 407
321 318
246 232
148 294
298 29
95 26
157 414
317 434
96 122
241 491
217 333
260 343
238 161
298 211
458 359
17 442
267 368
33 255
330 67
253 181
475 200
235 274
409 80
14 439
123 450
47 328
314 7
382 134
321 19
200 66
10 104
441 202
116 487
358 410
207 147
414 65
108 63
275 154
382 391
313 387
272 431
353 309
140 59
346 226
320 216
391 360
92 272
491 327
439 433
236 208
475 358
114 335
39 6
36 103
283 214
182 440
316 2
119 38
67 393
49 453
75 69
482 41
157 269
324 194
25 345
438 240
270 369
13 224
163 46
16 348
91 337
354 420
449 17
90 79
288 61
330 383
249 215
273 33
110 392
451 273
23 466
273 388
88 105
257 250
315 98
81 303
119 437
271 409
421 164
437 173
130 199
321 217
53 275
356 473
104 461
99 37
79 135
140 20
408 424
210 498
494 174
297 70
21 377
53 313
368 315
157 54
31 329
426 295
338 77
230 112
395 205
171 280
44 312
21 384
271 96
148 55
173 99
431 301
347 293
263 314
184 11
24 465
178 451
200 101
359 16
431 159
208 331
183 361
462 50
252 166
469 175
193 207
313 247
172 151
298 375
334 351
400 189
413 89
380 4
156 265
76 428
181 163
265 427
325 43
353 373
69 278
274 53
22 42
49 271
446 110
214 160
390 78
450 117
213 366
353 325
164 320
369 319
109 28
312 352
307 170
285 336
122 40
69 287
3 97
34 355
259 494
400 481
446 71
184 435
27 495
500 109
379 354
1 396
487 372
165 187
447 139
451 91
142 288
402 149
428 496
51 340
334 413
60 93
211 310
81 395
334 137
482 229
20 158
436 457
342 192
403 146
396 15
327 130
478 322
418 212
187 201
287 88
475 239
452 346
242 178
229 379
478 425
314 144
83 206
296 133
7 242
233 22
379 500
349 484
462 132
215 131
424 1
265 72
234 497
289 248
374 285
500
246 371
145 449
411 352
344 152
132 308
409 437
500 399
147 10
71 247
146 42
345 2
264 334
215 330
123 262
52 18
18 337
233 357
371 299
204 260
264 216
342 82
183 409
289 451
462 407
282 314
335 339
318 253
58 11
453 129
129 89
198 166
78 9
331 374
120 353
430 72
143 87
422 235
85 217
65 230
304 103
247 70
96 128
259 15
228 440
22 291
289 57
348 251
377 228
365 95
372 116
477 468
82 180
255 188
104 296
284 227
231 272
483 178
359 432
164 101
189 341
296 306
186 311
484 427
346 7
375 332
160 416
131 151
249 246
211 97
164 231
403 474
159 134
432 441
474 114
389 464
21 67
130 181
222 450
213 233
373 405
192 80
373 402
63 191
327 261
309 244
297 369
220 110
368 115
305 38
34 317
334 365
393 408
331 436
364 150
350 284
339 185
413 63
314 158
492 348
361 190
5 258
436 362
300 148
17 37
457 27
375 401
481 254
224 381
77 265
333 168
396 127
70 290
299 428
122 386
399 479
60 44
2 61
481 222
192 429
481 500
214 430
92 4
7 213
286 144
37 411
451 98
43 414
255 225
126 282
270 203
491 338
281 350
141 303
259 378
438 460
464 434
248 138
433 99
396 24
396 184
338 33
475 12
229 304
188 335
351 271
441 287
18 29
138 164
40 319
483 66
165 478
14 48
185 351
242 420
458 210
54 488
58 329
69 457
440 131
241 415
132 74
170 277
83 6
337 218
172 41
11 496
475 263
460 143
450 26
301 322
61 396
379 355
458 68
197 310
376 100
60 293
370 324
96 189
103 155
376 403
294 177
206 445
336 361
151 75
94 333
446 17
29 226
13 84
108 456
181 209
142 174
296 412
111 211
413 313
375 35
34 465
325 367
219 477
437 447
32 297
47 3
117 331
396 252
92 240
39 476
312 49
69 443
155 442
181 397
86 8
47 93
398 382
353 492
1 421
443 266
287 238
487 269
464 380
70 77
160 294
247 14
58 315
384 19
297 448
1 295
208 489
351 76
422 458
457 340
67 285
265 113
440 16
487 325
337 491
28 30
51 182
362 224
328 186
149 237
492 387
9 120
39 105
287 321
497 264
479 234
176 410
134 204
310 102
261 422
238 494
213 455
195 490
84 83
271 196
128 142
101 157
479 444
43 481
263 289
141 132
405 88
471 193
318 256
171 215
421 36
187 85
341 220
396 363
71 417
161 112
325 323
476 364
91 86
334 435
304 345
273 248
347 318
179 326
161 64
251 162
5 136
326 462
372 40
467 109
104 232
272 475
254 463
182 121
159 424
17 413
56 419
368 192
394 133
234 23
290 376
152 199
382 471
88 117
345 273
387 466
486 470
387 183
305 195
144 372
392 22
440 125
10 439
395 118
489 154
251 395
81 486
68 159
271 141
432 257
460 485
182 327
306 119
226 307
125 406
408 53
314 104
168 156
261 433
99 62
420 390
23 111
212 375
87 404
239 250
232 360
386 316
73 431
154 467
175 480
386 135
238 249
285 137
7 58
478 147
82 149
315 126
288 312
494 197
346 52
195 279
211 274
405 50
373 347
394 106
127 255
170 484
304 283
352 388
166 461
256 305
299 31
111 370
123 167
334 426
1 499
428 454
270 472
407 202
486 221
208 172
468 344
143 373
487 280
114 342
11 55
235 206
179 336
435 71
318 497
370 176
331 212
233 482
55 45
235 309
359 90
418 394
250 398
264 208
228 34
14 46
392 13
496 446
144 392
341 239
65 108
181 301
175 359
449 139
431 278
98 54
103 343
344 32
270 276
56 1
13 223
390 469
132 96
445 187
469 163
281 358
37 259
307 242
494 123
59 65
116 354
109 241
356 391
500 122
62 288
19 169
461 368
71 400
253 493
305 179
64 298
468 91
55 60
98 79
114 73
238 140
361 198
185 69
220 487
158 25
256 346
259 229
194 267
447 175
493 201
16 59
45 356
486 200
317 292
129 146
398 207
352 379
357 214
459 205
199 453
40 170
451 498
48 78
342 20
498 268
17 21
150 173
372 366
456 245
219 438
4 320
379 236
71 270
147 43
220 377
86 5
71 473
195 328
467 281
36 275
99 124
163 171
309 194
94 423
110 393
109 459
357 452
59 243
370 130
423 219
120 165
354 94
197 300
131 51
133 425
121 81
52 385
58 160
309 145
285 39
261 384
301 153
223 47
265 495
23 28
338 483
475 302
190 389
249 56
444 161
425 286
131 92
383 418
24 349
107 383
500
41 394
279 343
67 156
275 173
343 267
186 329
123 388
111 203
204 359
297 253
125 252
200 87
286 446
447 189
308 278
171 207
89 262
270 79
251 90
193 286
128 71
337 41
360 80
38 448
131 250
405 30
335 243
244 126
191 324
38 103
416 64
290 457
481 102
356 2
189 166
450 488
277 82
151 131
356 472
237 18
343 442
19 351
17 227
116 134
337 3
137 88
139 10
163 43
195 191
34 464
10 130
75 226
169 322
380 45
103 465
16 112
107 444
261 241
44 6
466 160
383 403
75 115
435 479
298 169
255 7
374 53
51 293
77 270
221 34
17 374
194 384
315 217
93 200
298 410
326 282
37 346
187 347
442 467
355 40
459 363
6 345
128 89
251 315
153 204
15 118
250 428
311 60
12 248
215 404
180 168
366 127
351 247
179 196
244 423
424 385
231 487
457 73
292 146
212 409
307 357
241 197
327 480
58 201
198 470
205 421
386 459
397 360
81 83
128 230
193 78
186 31
214 441
374 277
480 273
148 234
290 445
327 180
209 327
196 474
111 216
304 149
277 174
291 491
244 172
151 430
367 349
133 257
9 482
474 95
383 433
170 396
162 214
258 276
401 185
193 383
145 58
75 313
211 335
5 323
219 37
238 289
58 326
186 483
187 306
466 358
36 291
73 165
116 225
418 453
69 321
151 371
294 334
271 28
455 222
445 325
137 366
494 23
184 68
336 21
412 460
264 150
94 55
331 147
376 274
232 466
147 336
283 333
330 292
484 193
321 177
291 434
169 56
96 254
304 475
3 236
54 258
114 142
233 449
48 368
203 305
345 128
297 190
47 386
69 50
400 162
475 377
19 412
64 456
165 119
41 348
71 26
166 370
118 469
89 19
68 57
183 379
289 301
255 212
343 120
316 320
56 401
462 99
140 496
235 13
385 246
457 242
291 76
32 14
312 161
144 42
9 144
170 447
487 211
102 310
13 422
329 337
296 67
259 1
141 402
97 455
19 136
296 121
366 309
85 232
500 8
402 251
157 265
47 229
366 157
90 365
490 36
489 391
6 415
176 202
178 137
149 414
223 281
213 432
11 437
209 339
412 244
483 486
290 159
92 375
366 25
200 38
142 238
52 9
232 46
467 260
266 198
56 153
495 220
441 105
16 61
425 124
410 74
407 458
281 132
408 269
15 452
288 187
167 295
302 16
290 307
317 109
111 389
455 438
342 133
117 4
295 51
54 264
481 302
405 400
462 350
456 297
173 66
188 12
375 39
340 151
181 451
460 239
391 125
136 294
415 143
343 167
139 17
407 208
440 285
467 206
57 62
277 314
415 256
143 29
441 340
416 158
383 398
12 245
69 183
106 484
489 499
277 427
101 454
50 418
300 435
466 495
43 140
445 373
325 93
439 209
308 283
406 296
112 492
308 376
422 481
345 500
220 101
474 210
66 186
39 353
201 228
288 141
439 33
254 70
222 300
342 85
355 154
110 372
198 390
228 429
30 425
230 381
104 275
281 52
437 331
144 69
464 304
327 318
472 284
39 342
259 439
428 298
401 231
231 392
205 223
479 312
103 462
9 279
475 72
372 341
55 54
112 181
382 184
142 47
38 338
106 288
80 266
250 473
141 420
275 311
92 332
135 424
190 129
392 213
159 192
244 443
37 344
254 15
358 408
131 317
364 176
128 280
45 413
131 91
71 397
173 224
46 463
474 268
465 316
49 498
195 86
9 417
475 148
462 405
35 94
266 35
157 106
48 152
470 431
204 369
63 122
108 195
387 5
42 478
471 111
92 497
459 362
394 194
166 319
374 215
259 22
220 108
227 27
496 77
26 259
13 395
106 364
195 98
13 96
394 411
219 107
119 199
148 104
300 188
498 419
87 32
443 272
396 97
385 240
293 117
289 361
427 11
78 63
412 387
493 233
117 356
315 287
89 20
28 308
131 171
478 378
279 170
452 182
157 290
392 110
232 485
10 380
83 116
347 255
347 235
125 237
123 92
72 399
161 476
351 461
11 49
19 155
455 81
322 135
12 178
232 84
413 471
302 138
235 24
32 271
138 261
124 416
373 179
107 494
344 48
211 145
159 249
228 330
149 477
415 468
307 406
68 263
412 100
412 139
490 175
94 355
474 164
112 407
193 354
152 205
100 75
209 123
319 426
173 393
406 113
312 59
253 493
374 221
468 367
108 65
354 490
306 436
208 299
108 328
49 163
244 218
95 114
194 352
281 450
467 44
360 303
57 219
489 382
178 440
500
65 44
315 16
170 262
132 467
337 33
480 476
484 31
474 83
366 96
203 403
13 265
490 195
417 65
304 342
56 93
49 17
90 490
345 422
361 175
154 215
334 24
103 337
449 457
125 394
385 211
274 191
117 8
497 367
365 109
345 319
215 414
404 34
166 493
223 136
94 43
163 338
285 260
127 130
276 399
291 239
489 116
168 259
79 213
220 271
57 124
132 370
7 177
277 356
90 149
144 132
456 372
174 344
311 246
232 332
121 306
428 424
314 94
239 129
14 126
389 22
194 313
381 333
190 138
475 254
490 496
62 397
332 81
214 340
397 426
368 76
284 151
383 489
442 70
266 312
41 455
205 384
149 390
357 156
213 201
209 3
298 362
476 227
407 415
249 463
331 327
83 118
78 150
138 204
126 413
484 292
284 420
97 85
26 309
45 323
97 454
405 295
408 465
244 339
497 264
260 198
373 289
163 321
492 374
256 404
324 434
198 21
308 51
382 491
55 228
142 359
246 382
295 371
47 157
395 220
187 238
253 77
347 112
313 317
483 276
381 141
248 181
378 187
362 127
423 405
319 488
342 283
131 91
378 468
391 154
24 193
381 402
366 206
327 481
211 155
145 53
347 133
362 348
38 364
133 179
221 458
417 343
409 233
6 66
212 395
228 431
382 296
275 47
264 86
492 245
477 102
85 347
35 11
70 423
282 361
136 216
319 241
12 13
310 400
61 396
161 349
433 499
394 74
323 355
294 12
2 315
57 500
130 380
317 26
465 379
389 120
98 209
146 119
151 432
389 326
208 176
233 153
427 269
107 352
30 410
183 146
81 353
265 139
38 282
153 257
484 224
497 446
332 330
481 452
200 358
282 385
479 350
18 464
6 383
158 273
491 10
164 73
85 277
133 167
189 302
117 469
307 248
276 207
261 250
304 41
234 82
1 142
209 472
317 99
222 274
132 411
46 111
102 219
355 197
156 406
410 275
194 450
463 218
341 369
288 42
427 203
371 268
175 477
307 38
142 152
30 387
238 409
402 357
423 4
299 235
371 25
450 401
89 186
370 36
283 310
272 393
32 392
1 234
207 80
295 182
263 346
39 451
377 417
483 87
411 117
166 293
466 258
256 482
134 485
331 443
252 388
190 251
89 287
157 58
169 121
221 134
222 199
417 171
465 89
164 100
298 107
260 377
304 28
423 460
391 105
55 280
16 71
32 381
94 272
332 210
303 173
382 267
231 378
323 164
199 196
463 192
233 270
296 63
70 185
120 23
287 78
56 205
202 486
483 447
111 240
44 301
454 412
428 430
346 188
84 20
421 61
52 161
225 169
336 106
280 183
329 478
258 322
461 50
386 425
435 368
466 30
324 57
232 494
447 421
152 318
315 113
1 480
347 331
397 307
467 180
353 7
67 376
160 290
334 442
363 230
381 475
181 498
193 437
62 336
76 194
117 495
338 101
17 168
13 2
49 223
371 46
428 27
406 487
362 1
464 232
253 48
350 329
385 448
366 14
103 229
300 160
73 39
273 366
265 49
251 115
318 178
5 492
90 104
459 208
414 354
79 435
137 253
415 18
443 162
375 445
66 391
216 298
146 334
394 453
71 479
75 470
107 284
389 68
134 278
259 308
280 140
397 408
19 311
381 386
500 9
261 40
269 484
249 90
400 436
261 166
100 35
400 148
179 462
307 170
6 328
328 144
272 128
270 79
485 286
188 407
72 59
175 244
10 226
280 52
219 351
382 428
411 419
64 263
332 135
361 147
225 5
458 64
125 416
309 174
234 158
399 299
195 95
441 137
328 212
371 125
92 237
337 345
340 256
139 341
193 281
457 108
184 131
128 440
270 103
310 202
260 427
421 441
409 324
88 92
352 6
114 15
244 217
120 266
378 88
233 249
119 429
309 252
290 67
490 247
402 316
105 55
182 483
382 122
113 56
293 375
117 37
330 449
491 98
199 45
420 123
436 389
455 32
249 114
430 62
225 398
243 300
284 438
331 60
344 84
421 461
344 471
145 360
410 473
456 305
348 214
361 433
494 231
243 145
497 320
23 373
32 29
82 184
447 297
484 222
13 288
35 325
161 255
142 474
121 200
128 97
450 285
319 72
52 466
179 236
378 54
190 75
34 242
132 439
340 363
351 456
451 172
136 303
50 261
437 365
4 221
478 69
173 291
28 19
270 497
377 225
481 444
204 165
435 314
65 279
146 159
118 189
93 190
175 243
106 143
17 335
57 459
454 304
337 418
338 294
110 163
500
218 48
362 346
194 202
455 186
181 295
482 272
169 157
17 474
459 20
105 24
43 56
26 91
178 282
283 340
148 348
220 151
235 218
284 489
85 343
144 451
245 395
377 69
322 238
301 127
405 418
256 322
479 303
355 67
423 179
166 26
362 323
361 389
204 39
469 214
2 232
252 409
340 178
372 318
218 94
473 51
40 444
327 325
269 326
115 191
83 414
193 240
232 426
243 101
440 473
5 377
393 385
356 429
484 341
107 255
496 248
384 25
362 464
30 78
114 93
320 7
225 197
444 134
187 479
90 338
266 324
43 467
293 159
459 320
466 483
308 169
219 411
139 307
452 211
91 420
316 273
34 207
297 22
20 405
347 110
477 251
19 380
386 396
87 150
426 271
127 486
70 100
272 32
218 312
337 370
396 449
443 183
455 267
136 123
239 362
403 102
179 446
168 57
5 225
266 454
231 148
120 339
333 456
4 160
69 17
296 38
393 460
233 79
242 297
239 196
390 194
15 10
72 242
83 73
315 393
210 34
287 181
476 121
371 404
246 448
207 170
1 53
356 96
420 167
82 304
282 430
94 184
309 245
282 72
224 443
379 180
451 213
299 249
43 296
209 337
262 215
385 120
246 221
456 175
265 18
35 261
402 42
329 81
237 115
165 241
452 266
291 401
242 497
82 344
113 70
498 349
63 469
266 428
127 49
323 262
448 109
371 496
60 403
105 356
29 431
207 311
272 358
182 375
360 61
62 365
315 237
153 228
362 366
364 472
96 260
5 407
261 436
195 422
340 172
401 239
67 3
99 286
102 52
426 490
268 244
376 463
374 275
62 376
46 161
194 360
72 269
489 226
279 201
297 475
321 198
180 125
179 98
20 104
23 329
161 187
145 182
105 136
79 306
338 301
387 400
73 82
495 112
464 210
24 174
58 384
342 440
479 224
339 425
293 106
235 41
301 236
26 466
42 378
417 468
390 423
288 164
457 392
321 168
451 314
67 447
360 406
127 413
487 279
455 60
65 359
323 452
178 256
133 332
52 494
72 350
101 58
141 276
377 308
331 371
391 442
110 173
420 195
417 373
369 156
33 354
97 381
160 155
130 268
199 62
109 480
436 130
337 363
167 74
152 379
244 111
310 284
328 471
23 116
420 435
278 369
118 280
211 204
402 388
254 230
149 488
306 63
390 417
235 477
193 28
420 16
115 493
22 137
485 11
109 44
109 12
284 374
475 492
465 368
435 43
79 487
183 498
485 77
377 461
437 263
478 50
34 203
120 465
463 355
170 254
450 342
252 8
221 144
239 75
210 233
52 398
143 54
80 416
467 189
489 291
272 321
229 316
249 481
306 243
471 90
147 107
222 55
363 145
195 223
345 154
156 264
486 113
338 265
67 433
207 135
151 21
270 132
285 103
348 283
337 31
322 66
316 495
65 117
177 80
296 250
167 68
185 331
355 410
301 302
384 391
251 351
68 386
334 227
459 427
84 6
136 142
67 289
325 133
261 476
82 209
268 299
77 190
311 14
161 97
252 345
95 319
456 65
305 361
262 383
309 499
293 71
397 208
258 277
202 158
336 140
391 294
239 258
462 83
26 305
402 30
359 114
367 491
434 441
272 274
83 333
292 88
147 153
199 143
353 193
448 185
296 382
82 64
493 95
98 478
233 146
264 458
405 290
433 23
142 205
464 300
438 453
180 89
288 253
91 246
133 412
211 313
45 152
69 281
179 165
346 192
356 200
249 234
446 45
489 347
74 462
234 166
397 35
339 199
447 235
353 76
379 2
405 445
230 482
202 124
71 149
218 317
178 171
202 131
115 424
101 86
231 46
176 13
42 399
200 293
79 364
166 47
432 36
359 419
192 163
57 206
283 397
88 315
371 367
418 450
291 500
108 59
45 29
13 126
93 432
80 394
197 437
489 162
1 287
260 387
133 15
197 92
401 357
71 217
121 129
80 85
457 390
485 138
2 259
373 118
274 188
263 139
327 105
188 330
3 434
459 4
418 484
473 176
261 328
83 84
9 327
74 128
230 141
453 27
167 252
329 402
1 220
304 336
471 334
169 247
223 5
144 119
162 216
454 231
409 485
51 147
408 87
278 9
157 122
266 288
248 219
202 421
189 40
191 19
457 310
161 1
17 177
399 415
369 470
27 257
343 37
132 455
205 212
465 457
181 33
329 438
63 309
342 439
356 335
425 353
327 459
51 292
374 108
282 270
413 222
270 408
399 285
439 372
245 229
298 278
250 99
352 298
500
123 386
435 499
181 5
346 241
335 422
202 216
54 314
316 482
23 194
250 207
50 209
345 277
355 149
246 115
16 285
340 152
7 84
185 160
373 271
204 169
413 402
224 90
458 333
362 369
317 399
392 24
47 308
80 97
206 167
193 142
203 79
448 358
495 208
57 49
207 419
63 453
74 397
311 104
78 286
264 445
258 380
149 389
199 470
419 357
374 111
300 257
184 32
488 483
26 292
397 196
417 105
238 174
324 416
6 249
204 40
398 459
125 269
269 64
51 344
72 266
475 328
194 412
289 237
459 325
470 78
442 158
281 245
207 221
23 442
83 185
168 393
489 469
184 181
323 250
148 293
493 229
29 472
211 50
121 473
478 10
55 451
52 226
218 303
261 346
144 331
266 195
101 447
163 355
94 441
456 254
23 280
134 421
335 51
201 163
334 475
182 13
117 261
256 480
289 299
53 460
321 367
373 322
175 213
124 225
472 236
179 165
136 176
226 383
371 431
480 42
4 81
393 239
28 44
494 76
293 316
389 184
308 139
299 495
290 73
487 298
238 440
497 28
234 458
453 80
315 405
147 35
263 304
358 135
227 178
115 500
222 106
266 373
140 309
344 366
158 420
67 25
52 311
96 391
112 8
185 363
260 297
439 121
414 162
427 122
62 173
22 438
478 128
217 146
69 27
500 361
366 379
195 417
221 342
442 86
175 11
179 222
225 449
165 124
153 164
462 230
130 478
376 392
143 134
336 68
197 375
57 144
9 244
373 326
494 47
104 351
413 433
356 253
302 434
87 210
28 302
260 496
499 157
372 148
138 418
368 57
114 43
238 310
251 429
72 448
159 31
356 110
174 318
334 138
306 382
475 63
311 161
56 243
196 278
443 455
3 259
320 474
280 336
473 457
487 484
363 390
245 2
35 340
368 464
73 175
485 85
407 193
330 153
172 407
179 270
173 465
368 224
423 140
23 45
218 223
52 487
244 479
101 467
146 145
233 315
412 329
163 330
383 192
267 413
212 172
264 30
159 290
78 211
21 341
103 217
66 201
165 19
153 83
186 130
105 338
225 485
376 258
368 424
209 337
365 400
9 95
248 61
432 14
400 46
147 190
333 291
454 182
129 91
435 288
453 256
375 335
260 264
97 36
49 481
234 233
447 281
492 404
399 323
243 114
328 67
115 436
133 125
189 347
486 345
198 74
426 493
372 284
325 70
123 41
143 103
311 242
122 295
172 492
361 102
147 20
259 300
444 107
87 171
280 189
207 384
325 156
29 56
304 466
484 356
490 60
49 273
301 332
471 377
480 388
484 263
29 289
278 444
418 320
245 456
242 398
33 282
234 260
245 454
245 228
402 425
469 214
143 240
165 26
260 133
12 385
171 4
300 490
409 252
312 6
99 203
443 231
235 1
240 348
135 99
266 296
366 497
277 305
179 368
479 72
387 100
111 232
49 23
489 120
356 117
326 378
144 37
322 498
17 75
147 362
14 198
153 212
144 118
385 461
222 350
275 371
263 443
74 179
19 246
455 462
131 324
481 98
352 376
386 262
358 381
21 87
274 396
131 227
10 215
169 71
429 387
396 29
179 131
314 317
99 255
22 247
444 9
359 354
220 327
408 248
71 394
101 108
401 54
89 321
78 452
220 109
365 409
428 166
29 319
66 33
201 53
308 18
277 410
151 435
113 267
72 177
404 301
436 39
216 129
277 16
415 82
402 197
149 65
340 12
205 137
378 365
462 432
335 219
197 395
102 312
46 486
478 353
468 476
64 89
119 349
222 251
350 439
497 154
266 423
61 204
315 112
330 428
48 38
344 294
471 463
164 450
357 307
124 477
174 77
56 437
277 279
462 116
172 119
494 113
68 268
346 168
286 55
67 406
158 136
404 339
428 200
334 101
42 147
322 427
9 287
463 206
416 62
30 364
431 143
198 48
130 306
117 403
390 489
436 238
97 401
115 372
123 22
43 360
8 352
243 446
464 199
325 408
116 415
43 426
368 411
413 17
49 494
366 275
314 180
120 126
279 471
28 127
5 123
229 343
53 141
137 7
471 468
26 151
127 186
237 159
324 334
438 92
376 52
165 66
348 414
241 155
268 187
477 94
391 93
159 191
113 132
412 170
277 88
197 21
146 69
500 488
486 283
497 359
188 202
415 15
127 235
13 370
257 276
232 58
196 188
468 220
64 34
280 218
243 59
413 183
59 205
276 374
499 274
430 272
375 265
477 430
378 96
154 313
491 234
490 491
148 150
500
408 64
86 119
330 390
320 421
384 229
89 178
273 40
385 66
339 393
320 415
255 67
41 378
191 47
92 439
154 238
30 25
169 112
204 441
437 65
293 385
438 416
260 173
13 375
242 343
25 80
434 221
364 294
288 225
368 52
299 320
451 127
233 247
498 260
114 81
37 134
138 406
207 94
98 396
202 118
284 326
129 496
198 262
132 486
387 23
167 43
26 156
469 202
38 400
406 365
410 128
477 214
480 133
473 290
324 249
36 3
116 235
409 458
355 137
301 13
452 241
297 436
406 250
141 151
287 460
346 180
152 328
342 452
394 6
48 14
338 362
322 364
406 7
89 298
322 195
282 115
235 85
331 306
400 403
131 291
190 29
340 372
279 395
52 316
115 168
173 63
247 237
480 20
189 97
401 107
32 392
104 234
487 223
432 95
354 346
162 324
310 35
433 145
408 498
457 31
384 394
335 96
57 191
429 27
8 51
327 88
374 349
118 60
151 323
315 472
340 473
196 411
437 319
475 217
27 207
397 494
158 282
226 322
242 102
293 138
371 274
7 58
265 351
410 50
391 427
118 198
343 438
5 33
324 248
418 109
376 464
235 348
304 86
39 8
255 111
262 44
117 153
366 337
398 379
109 313
322 224
368 354
88 361
296 113
261 172
119 15
36 45
311 167
466 469
247 120
291 484
414 338
107 155
88 187
405 258
434 497
420 492
300 360
420 62
498 307
316 342
176 359
371 146
427 213
333 73
348 181
468 99
183 48
211 9
240 268
156 454
308 132
188 408
308 186
48 489
382 311
437 114
449 136
298 150
252 380
90 344
64 32
313 261
28 333
471 176
417 197
485 218
30 121
272 480
427 271
56 330
334 182
482 193
275 179
2 278
239 300
381 463
440 383
487 71
56 401
428 426
156 139
10 477
168 49
192 166
94 170
499 4
427 309
47 143
255 448
357 74
119 275
275 255
495 405
393 459
144 449
99 289
340 226
426 440
372 357
96 83
471 92
182 305
474 16
184 12
399 162
178 280
120 79
432 417
225 468
121 443
477 428
14 38
90 467
470 148
103 429
295 18
340 72
220 5
189 201
350 152
336 446
43 485
245 56
177 252
256 345
361 499
347 327
20 103
359 487
125 21
184 189
384 26
115 431
366 483
255 30
240 391
168 301
473 418
457 331
51 481
29 163
172 244
220 183
25 490
65 315
450 461
448 129
199 147
183 495
233 402
388 246
323 491
99 212
245 135
115 304
49 106
345 165
248 422
242 437
270 281
48 210
130 269
156 104
308 78
434 299
118 230
27 55
213 75
475 450
480 350
77 243
298 318
411 105
376 476
486 175
185 194
130 500
234 445
52 332
188 310
287 233
220 122
114 204
432 219
238 10
364 276
32 141
67 222
414 424
111 199
298 184
312 286
278 54
213 192
89 287
303 256
21 144
449 257
98 208
445 28
246 412
238 131
188 263
253 340
382 101
12 451
7 356
260 82
458 482
5 479
354 90
128 39
340 98
396 154
378 381
372 341
227 277
24 470
207 466
175 334
271 231
51 353
287 228
399 430
195 254
165 216
481 57
288 455
95 358
269 382
402 314
58 251
161 293
93 239
310 302
99 41
167 303
307 123
13 2
471 371
289 488
468 200
60 158
233 77
404 232
125 419
203 37
231 220
52 93
47 42
207 398
208 171
145 474
263 157
156 36
99 329
31 196
356 265
157 471
160 295
438 240
108 374
62 245
151 493
127 465
100 397
383 1
72 413
456 53
105 425
69 284
286 24
340 236
146 335
269 296
290 270
220 68
498 160
7 434
93 475
365 432
483 399
177 369
232 325
210 317
54 267
52 373
194 409
96 59
309 22
63 453
450 407
245 69
212 355
214 376
332 273
249 125
84 242
57 205
484 116
200 457
420 423
29 124
310 117
313 227
137 142
294 126
228 206
244 34
248 368
181 352
338 61
284 279
171 442
364 140
357 87
466 366
156 370
207 367
155 389
456 188
319 414
487 308
477 185
146 190
65 410
36 70
275 215
409 283
149 462
449 347
347 149
268 447
158 321
362 388
145 169
285 177
233 288
451 11
154 209
250 164
447 363
160 159
148 433
82 272
440 456
149 108
113 17
259 339
399 130
61 100
286 211
162 266
365 46
407 292
267 336
115 478
372 386
84 297
446 420
76 387
350 285
3 161
211 264
422 259
499 89
358 312
336 203
260 110
115 404
383 435
94 174
123 377
285 91
287 84
442 76
199 384
444 253
180 19
500
1 286
189 257
179 325
125 109
367 28
18 369
371 281
118 102
470 440
31 383
171 405
398 205
321 192
23 335
174 433
381 266
463 4
401 30
366 140
177 324
406 78
127 314
113 293
422 44
388 464
175 87
425 456
432 114
495 368
179 402
436 199
171 154
150 305
460 275
386 420
425 83
300 234
306 249
394 482
185 151
62 351
255 37
160 302
157 8
270 382
253 133
196 463
336 475
84 75
474 472
268 390
189 130
110 321
137 180
462 241
14 188
38 376
310 313
255 336
287 218
276 459
248 209
314 38
15 307
203 279
424 423
173 491
386 489
355 356
38 392
286 444
172 488
112 393
81 251
107 410
382 403
239 212
120 99
1 477
500 485
376 220
183 310
179 48
186 339
338 196
426 111
99 242
73 330
405 397
466 291
354 143
61 210
461 22
472 391
138 470
113 357
68 202
25 389
249 147
366 454
123 66
38 311
377 172
11 273
497 89
406 67
200 360
16 319
48 381
287 299
332 426
243 347
234 122
286 394
397 90
18 487
272 96
79 471
46 434
101 54
122 252
13 97
127 14
303 108
82 278
440 221
393 94
48 478
41 329
360 346
29 137
240 52
144 27
299 201
32 272
380 431
230 318
490 493
36 248
8 262
451 174
393 21
475 229
131 296
430 362
397 327
261 447
205 388
288 142
410 71
44 156
253 398
294 326
345 214
248 236
86 486
43 149
158 492
341 247
397 135
368 479
188 297
381 26
415 490
151 480
52 219
145 155
168 427
476 158
185 280
190 386
161 39
500 445
456 182
238 260
101 92
112 274
327 112
254 458
392 152
244 17
65 294
108 40
227 457
41 250
492 255
39 45
361 222
16 301
197 429
12 115
470 499
71 259
380 64
109 358
229 267
285 145
448 245
175 290
484 483
203 58
268 80
191 68
218 413
103 353
432 74
40 484
42 385
281 215
368 395
347 161
150 230
404 189
207 422
419 481
219 153
164 104
5 364
310 223
192 337
12 167
194 323
52 352
449 292
91 374
304 197
436 118
448 1
173 57
118 183
278 24
81 62
183 432
25 438
454 119
21 238
477 372
143 176
402 406
3 132
330 110
328 359
453 342
411 400
157 163
314 73
132 103
381 265
86 20
170 98
119 216
215 35
314 213
288 61
300 162
110 164
454 271
129 203
3 19
424 50
341 181
406 270
219 175
317 500
383 421
402 47
266 51
89 13
256 408
6 298
6 244
97 283
129 146
185 81
73 345
82 322
161 366
163 288
10 237
192 340
34 42
367 468
363 269
267 224
273 295
310 334
493 225
196 243
448 121
144 136
216 415
456 343
268 417
489 46
331 120
103 462
240 436
259 148
370 129
408 350
203 425
464 449
494 33
314 150
312 32
232 256
235 60
40 331
117 168
469 29
292 84
261 430
440 494
188 56
282 65
11 473
429 93
8 355
146 443
305 416
292 474
254 72
151 124
442 404
136 424
316 204
305 86
327 185
227 419
177 253
67 76
287 2
43 3
209 127
252 232
159 387
432 55
343 82
54 11
341 195
379 377
258 5
204 451
177 407
106 268
155 263
454 442
101 379
433 317
267 341
306 277
38 354
356 88
4 361
494 246
400 211
262 466
400 198
63 206
81 18
388 63
189 41
82 476
203 300
398 70
448 186
195 309
14 261
29 170
167 328
390 411
298 141
141 166
307 85
318 452
16 384
297 428
388 117
205 79
240 101
320 100
161 497
135 10
193 125
117 437
365 461
234 363
152 217
69 455
436 123
132 144
305 69
152 258
285 31
151 207
11 375
422 169
368 409
304 231
490 276
83 285
50 240
37 412
357 16
353 12
333 349
424 289
419 228
386 36
121 126
208 495
69 9
221 418
293 226
9 264
31 134
283 157
329 49
117 399
333 332
453 43
86 465
470 179
343 469
71 190
465 439
445 131
341 7
445 171
235 320
440 441
76 208
16 25
364 338
419 401
97 448
468 23
377 178
111 348
213 160
33 287
404 365
297 312
335 165
260 450
256 184
154 304
357 370
187 177
474 308
94 15
437 344
137 138
107 496
419 187
395 105
103 59
118 173
142 254
293 193
418 315
364 53
159 128
358 371
116 77
496 194
394 380
181 435
162 333
65 498
88 414
362 453
192 239
45 373
397 91
337 113
18 227
178 34
357 467
46 303
53 191
392 367
38 316
74 460
14 139
100 107
302 95
249 235
346 306
150 282
185 446
292 396
166 159
452 106
116 200
479 233
244 116
337 284
378 6
500
29 213
120 459
212 329
453 169
438 214
24 223
499 411
22 198
3 379
145 35
237 120
117 135
364 406
407 161
471 319
144 239
303 121
154 396
89 435
119 197
469 439
155 360
458 292
486 26
140 196
332 278
392 88
181 335
429 251
261 445
130 34
498 497
370 131
208 254
101 220
91 33
133 215
317 341
237 401
33 356
51 308
104 100
40 235
165 377
324 462
251 60
333 297
64 236
273 55
119 404
409 178
272 474
288 400
266 258
49 173
91 304
187 479
73 352
179 28
486 247
364 342
170 354
124 179
161 417
359 183
357 85
195 38
203 385
423 452
468 20
323 453
336 57
441 314
423 138
174 81
408 282
302 291
408 331
449 384
487 418
154 348
363 276
324 416
444 63
234 98
465 207
337 246
417 484
223 241
304 45
230 180
303 111
248 394
473 310
200 23
300 150
255 339
406 430
64 25
458 22
397 262
409 242
64 73
406 495
202 163
246 428
240 140
346 244
270 90
18 232
328 212
297 52
368 10
189 461
203 475
192 49
449 306
118 373
284 76
39 249
310 224
12 392
351 5
361 372
89 349
364 374
475 358
424 48
331 16
292 3
24 431
388 327
4 146
481 257
25 160
366 102
403 113
156 164
473 47
55 95
323 256
145 147
289 149
283 89
388 96
220 483
67 303
169 231
59 399
137 264
50 39
204 280
454 347
58 455
100 15
284 41
222 66
410 217
376 221
476 206
75 229
5 201
327 386
30 271
21 162
413 324
74 91
494 481
188 371
451 365
459 415
59 137
226 182
348 376
218 403
300 499
30 265
474 343
47 172
55 496
72 156
391 316
36 380
131 293
219 255
227 82
209 289
492 168
219 205
325 74
84 429
444 311
415 238
453 421
486 369
435 108
142 338
392 363
493 470
183 390
240 294
176 24
230 448
370 460
105 340
304 107
64 83
364 476
320 46
373 191
442 351
93 443
207 203
465 165
424 494
184 389
98 237
282 472
67 398
483 381
58 305
186 388
179 432
332 202
14 410
439 126
8 424
225 171
293 465
14 471
133 129
280 42
430 413
284 145
469 116
418 328
307 175
472 383
142 71
333 326
32 181
75 438
252 263
168 133
230 94
467 219
58 8
469 300
194 489
248 67
95 325
426 425
392 92
4 362
413 277
205 433
81 284
401 378
172 193
222 84
289 414
70 248
231 75
435 444
180 216
300 104
382 54
158 337
487 240
19 185
82 128
454 9
277 152
141 486
288 21
399 124
232 227
297 334
183 426
261 56
454 477
430 420
10 299
100 101
346 500
177 1
462 393
404 419
425 391
82 199
122 53
219 298
123 320
28 30
238 186
417 296
475 61
123 166
196 127
132 12
378 318
499 375
209 62
260 68
290 187
298 275
232 115
277 323
53 345
499 261
411 13
407 285
266 287
174 154
337 43
167 427
477 195
35 72
489 367
391 118
57 407
482 253
137 387
42 14
184 119
472 281
89 279
438 200
20 106
434 58
439 464
360 290
439 270
495 434
276 225
2 11
359 259
242 322
178 487
343 368
237 170
497 480
182 59
324 441
436 144
90 190
217 454
4 167
54 447
57 361
195 32
331 463
244 312
113 31
442 37
19 366
195 321
178 397
289 478
285 288
318 103
458 313
271 456
236 2
424 458
146 498
247 344
345 77
69 29
117 302
169 436
385 330
203 359
444 122
223 4
266 51
421 218
498 234
221 286
460 192
23 485
233 250
404 382
500 134
108 19
201 273
94 50
21 491
376 466
363 412
335 355
70 226
14 243
289 442
240 209
46 350
435 222
22 174
358 473
376 97
171 269
85 274
206 18
119 449
237 99
292 177
139 105
15 317
46 7
39 110
29 468
251 357
306 112
51 148
208 336
334 408
470 333
63 80
357 332
483 423
119 446
491 87
297 364
280 70
467 488
495 469
234 79
223 157
319 93
9 482
150 402
232 233
485 27
50 78
156 65
150 69
361 109
391 228
131 40
306 155
287 211
107 490
46 346
178 188
318 210
354 36
72 159
58 123
415 153
149 125
164 252
447 64
361 493
390 130
88 158
165 151
337 422
327 245
486 230
235 268
199 307
311 204
197 44
228 467
248 114
63 353
292 132
44 440
182 450
138 267
363 6
119 492
339 208
231 272
156 136
170 395
132 17
179 370
137 117
308 301
258 86
284 405
384 295
278 266
220 142
100 457
25 409
26 283
307 184
386 451
363 194
305 189
426 315
498 141
465 139
307 260
143 176
199 437
309 143
500
448 343
33 82
106 403
385 91
210 291
153 460
35 176
193 260
23 389
335 208
245 156
437 442
78 200
87 171
318 213
19 360
469 312
211 32
41 31
55 315
390 223
289 227
490 42
440 356
437 74
294 331
217 431
143 305
96 162
364 243
346 454
45 475
250 28
100 124
325 410
408 192
222 105
425 118
372 286
374 415
425 388
180 428
22 116
194 400
402 35
217 252
275 310
310 224
408 155
147 255
57 242
266 109
325 444
168 248
204 100
370 363
201 232
461 275
1 199
273 38
4 382
28 480
250 177
421 404
448 112
6 301
261 222
207 240
350 362
158 20
133 370
464 157
165 148
327 22
131 436
371 456
386 438
93 366
258 210
242 293
251 187
323 149
151 292
396 166
126 332
395 392
123 401
261 49
303 429
195 357
177 138
225 88
106 71
169 7
171 40
369 461
16 321
27 450
136 173
495 497
8 153
362 277
297 247
202 52
274 111
333 36
299 119
30 358
91 290
65 183
34 45
307 365
489 27
15 449
329 204
479 272
445 341
491 186
353 271
387 256
182 443
498 447
102 446
69 25
285 15
194 334
387 433
200 97
227 418
126 131
47 26
43 488
84 98
284 34
87 306
230 59
33 219
54 348
274 66
17 68
370 29
492 160
348 94
80 373
439 408
477 411
405 314
337 258
4 439
425 406
101 482
150 351
433 452
415 250
142 8
263 492
365 218
315 47
414 264
185 231
309 93
101 128
24 239
393 136
347 150
467 207
206 262
180 302
361 336
223 295
477 133
488 266
127 101
336 283
115 135
369 233
7 139
294 56
322 396
140 143
370 120
266 6
498 46
344 425
404 63
369 409
45 123
334 197
141 2
399 127
432 90
390 147
344 265
208 214
64 419
398 163
75 288
316 476
393 367
185 235
206 448
394 274
480 161
169 337
143 445
365 236
236 76
45 432
469 122
48 340
222 48
423 83
81 486
256 339
253 459
122 140
395 413
3 386
366 496
383 13
474 185
215 297
228 338
457 329
397 318
296 308
39 245
206 372
239 455
259 278
435 253
211 44
275 435
182 466
493 359
452 355
78 378
243 485
185 395
1 361
54 345
277 257
187 21
487 427
329 259
407 489
297 99
236 39
460 188
260 464
100 405
265 270
459 316
94 261
27 190
175 453
472 493
428 268
49 276
324 289
53 5
283 37
206 54
18 64
322 179
348 380
79 490
328 217
295 325
112 375
100 113
455 451
151 412
26 498
323 393
100 322
489 467
254 195
363 374
252 1
90 320
60 104
234 30
474 198
285 11
197 328
55 494
131 3
14 487
488 430
288 416
402 483
364 114
488 69
91 182
327 440
498 145
120 65
375 23
348 81
169 347
401 107
337 215
15 299
397 191
405 369
370 473
495 164
191 484
324 441
140 364
18 481
61 129
351 194
397 230
149 381
224 499
156 344
242 311
3 346
435 33
352 296
268 50
279 323
52 85
241 317
50 172
37 500
346 130
356 468
249 89
11 371
474 209
305 151
125 70
290 132
160 53
156 422
462 115
299 463
271 298
303 216
26 84
197 491
67 376
410 391
405 379
378 407
452 221
469 141
1 319
228 201
230 220
487 125
487 106
56 144
488 55
485 495
484 18
152 383
495 228
153 246
358 181
263 92
183 324
45 350
126 287
18 437
128 79
28 377
195 110
312 58
305 96
370 154
237 168
499 390
109 471
494 72
25 280
145 73
70 434
113 462
312 281
153 43
247 335
464 269
239 313
73 159
213 273
369 474
133 205
74 420
435 267
154 137
328 285
196 342
48 203
166 478
341 19
261 353
87 384
44 41
220 77
436 394
256 330
75 226
328 304
434 303
442 102
252 9
326 121
73 398
421 472
458 16
133 78
457 479
4 202
74 184
373 254
494 399
410 170
260 117
435 470
460 307
372 333
235 352
380 458
386 189
455 196
324 10
165 158
398 244
7 126
329 414
368 175
374 397
438 142
339 469
353 349
246 146
66 180
154 24
250 169
457 249
424 61
62 108
57 174
77 424
155 234
403 225
38 4
120 67
54 87
268 327
390 238
98 75
322 95
288 211
394 421
108 368
175 309
478 241
207 12
46 294
107 354
438 165
144 300
85 282
377 423
320 263
401 279
281 62
232 167
500 57
375 178
183 193
302 457
442 284
29 426
405 212
330 51
105 103
56 17
437 60
215 385
327 326
257 387
327 237
130 86
139 152
255 465
277 14
457 134
342 80
436 206
402 251
402 477
89 417
229 402
